Loaded 50 positions from data/teacher_targets/v84/hard_positions_top1000.jsonl
Model: data/checkpoints/scripted_for_elo/v55_scripted.pt
Config: n_det=4 n_sim=50 pool=16 pend=8

idx turn ar ph  NN_card/m  NN_pri  MC_card/m  MC_vis match  H_nn  H_mc    JS     KL   qgap   rho
------------------------------------------------------------------------------------------------
  0    3  5  1   8/3     0.183    8/3       144    YES  3.95  1.25 0.387  5.578 +0.000 +0.37
  1    3  6  0  37/3     0.702   37/3       164    YES  1.30  0.47 0.062  1.405 +0.000 +0.24
  2    3  6  1  12/3     0.357   12/3        76    YES  1.66  1.31 0.026  0.554 +0.000 +0.37
  3    7  1  1  38/4     0.179   38/4        40    YES  3.52  2.95 0.144  3.385 +0.000 +0.34
  4    7  2  1   7/0     0.084    7/0        35    YES  4.97  2.98 0.304  5.716 +0.000 +0.40
  5    7  4  0  10/0     0.394   10/0        95    YES  1.77  1.19 0.036  0.564 +0.000 +0.23
  6    7  4  1   7/0     0.128    7/0        57    YES  4.36  1.81 0.327  6.337 +0.000 +0.23
  7    7  5  1  55/0     0.271   55/0        65    YES  2.82  1.57 0.110  2.270 +0.000 +0.24
  8    7  6  0  71/0     0.380   71/0        86    YES  1.86  1.41 0.032  0.677 +0.000 +0.22
  9    7  7  0  71/0     0.252   71/0        56    YES  1.87  1.58 0.021  0.350 +0.000 +0.27
 10    2  5  1  12/3     0.218   12/3        49    YES  2.08  1.72 0.036  0.558 +0.000 +0.37
 11    3  0  1  24/4     0.368   24/4        97    YES  3.45  1.44 0.215  4.223 +0.000 +0.17
 12    3  3  0  23/3     0.068   23/3        53    YES  4.96  2.56 0.386  6.981 +0.000 +0.43
 13    3  4  0  13/3     0.153   13/3        67    YES  4.32  1.54 0.366  6.720 +0.000 +0.23
 14    3  6  0  23/3     0.502   23/3       115    YES  1.87  1.04 0.068  1.315 +0.000 +0.24
 15    9  7  1  56/3     0.672   56/3       140    YES  1.03  0.73 0.022  0.491 +0.000 +0.45
 16    2  0  0  18/4     0.392   18/4       120    YES  2.84  0.67 0.208  4.442 +0.000 +0.08
 17    2  0  1   5/4     0.064    5/4        46    YES  5.55  3.44 0.394  6.044 +0.000 +0.36
 18    2  1  0  18/4     0.347   18/4       110    YES  3.43  1.79 0.201  4.268 +0.000 +0.31
 19    2  1  1   5/3     0.035    5/3         4    YES  5.81  3.91 0.487  7.964 +0.000 +0.40
 20    2  2  0  18/4     0.115   18/4        59    YES  4.17  2.98 0.191  3.619 +0.000 +0.43
 21    2  0  0  14/0     0.051   14/0         4    YES  5.56  3.91 0.454  7.125 +0.000 +0.42
 22    2  0  1  24/4     0.209   24/4       150    YES  4.55  1.38 0.350  5.130 +0.000 +0.35
 23    2  1  0  33/0     0.041   33/0         4    YES  5.37  3.91 0.314  5.813 +0.000 +0.45
 24    2  1  1  24/4     0.067   24/4         4    YES  5.34  3.91 0.345  6.049 +0.000 +0.45
 25    2  2  0  33/3     0.088   33/3        35    YES  4.92  3.51 0.241  4.516 +0.000 +0.48
 26    3  2  1  18/4     0.554   18/4       123    YES  2.43  1.08 0.166  3.344 +0.000 +0.27
 27    3  3  0  31/3     0.094   31/3        54    YES  4.62  2.95 0.294  5.691 +0.000 +0.52
 28    3  3  1  18/4     0.417   18/4        97    YES  3.02  2.07 0.185  3.904 +0.000 +0.36
 29    3  4  0  31/3     0.121   31/3        87    YES  4.36  2.03 0.378  7.190 +0.000 +0.46
 30    3  4  1  15/0     0.144   15/0        43    YES  4.52  3.13 0.288  5.141 +0.000 +0.54
 31    3  5  0  31/3     0.300   31/3        92    YES  3.41  1.69 0.233  4.562 +0.000 +0.55
 32    3  5  1  15/0     0.201   15/0        99    YES  4.03  1.19 0.344  6.384 +0.000 +0.24
 33    3  6  0  34/3     0.497   34/3       160    YES  2.40  0.50 0.205  4.691 +0.000 +0.24
 34    3  6  1  15/0     0.357   15/0       140    YES  3.39  0.68 0.295  6.130 +0.000 +0.21
 35    4  0  1  18/0     0.213   18/0        98    YES  4.03  1.79 0.273  4.958 +0.000 +0.26
 36    4  0  0  10/0     0.176   10/0        59    YES  4.15  1.74 0.279  4.670 +0.000 +0.17
 37    4  1  0  10/0     0.013   10/0         4    YES  5.39  3.91 0.338  6.604 +0.000 +0.45
 38    4  1  1  18/4     0.151   18/4        27    YES  4.38  3.69 0.239  4.014 +0.000 +0.41
 39    4  2  0  10/0     0.076   10/0        49    YES  4.68  3.44 0.200  3.563 +0.000 +0.52
 40    4  2  1  79/4     0.147   79/4        64    YES  4.26  2.77 0.260  5.157 +0.000 +0.37
 41    4  3  0  74/3     0.171   74/3       119    YES  4.34  1.18 0.444  7.820 +0.000 +0.36
 42    4  3  1  18/4     0.167   18/4        46    YES  4.17  3.36 0.161  3.241 +0.000 +0.44
 43    4  4  0  74/3     0.308   74/3       155    YES  3.71  0.60 0.391  7.685 +0.000 +0.17
 44    4  4  1  18/0     0.041   18/0         4    YES  4.67  3.91 0.128  2.570 +0.000 +0.52
 45    4  5  0  74/3     0.664   74/3       164    YES  1.72  0.53 0.103  2.349 +0.000 +0.21
 46    4  5  1 110/3     0.240  110/3        99    YES  3.68  1.13 0.288  5.719 +0.000 +0.23
 47    4  6  0  78/3     0.820   78/3       181    YES  0.87  0.31 0.037  0.804 +0.000 +0.24
 48    4  6  1  62/3     0.230   62/3        64    YES  3.10  1.69 0.136  2.890 +0.000 +0.24
 49    4  7  1  62/3     0.339   62/3        72    YES  1.67  1.33 0.022  0.420 +0.000 +0.24

============================================================
AGGREGATE
============================================================
N states:                50
Wall time:               10.5s (0.21s/state)
Edge top-1 match:        100.0%  (50/50)
Card top-1 match:         96.0%  (48/50)
Mean NN entropy:         +3.607
Mean ISMCTS entropy:     +2.034
Mean max(prior):         +0.255
Mean visit concentration:+0.398
Mean JS(NN||ISMCTS):     +0.228
Mean KL(NN||ISMCTS):     +4.232
Mean Spearman rho:       +0.336

q_gap = Q(ISMCTS_argmax) − Q(NN_argmax), from ISMCTS value estimates
  search found better (>+0.01): 0/50  (0%)
  tie (|gap|≤0.01):             50/50
  search found worse (<−0.01):  0/50  (0%)
  mean q_gap:                   +0.000

Per-state records saved to results/ismcts_fix/distribution_shape_postfix.jsonl
